Fel värden i börjAN PGA LÄGRE HASTIGHET

0,0655780732631683
0,0669784098863602
0,0679178908467293
0,0678566321730614
0,0676749274134636
0,0650060921907425
0,0624382831156254
0,0614904947578907
0,0608611181378365
0,0598048605024815
0,059758149087429
0,0596086420118809
0,0552724935114384
0,0549758784472942
0,0537272244691849
0,0544785521924496
0,0574747696518898
0,0601782575249672
0,0663677603006363
0,0745159983634949
0,094337522983551
0,162900552153587
0,166184231638908
0,169824168086052
0,176736682653427
0,178582057356834
0,178375005722046
0,180617943406105
0,182974562048912
0,184818103909492
0,187995463609695
0,190297737717628
0,18944139778614
0,190595790743828
0,189679354429245
0,18771405518055
0,187563687562943
0,186198025941849
0,184859290719032
0,183187901973724
0,183259502053261
0,189592003822327
0,189643606543541
0,187356799840927
0,184070363640785
0,186010196805
0,184909239411354
0,184701576828957
0,191810309886932
0,192849680781364
0,19126495718956
0,189341247081757
0,18860225379467
0,187987133860588
0,187528282403946
0,187843799591064
0,187686026096344
0,187937632203102
0,187638685107231
0,187802761793137
0,187739461660385
0,187763348221779
0,187951877713203
0,187949493527412
0,187551647424698
0,185770943760872
0,183328494429588
0,186608672142029
0,152973383665085
0,0868207216262817
0,0778122097253799
0,0565463043749332
0,0563787966966629
0,05394521728158
0,0533245168626308
0,0559633634984493
0,10008081048727
0,279387801885605
0,0911272838711739
0,0895966291427612
0,0919076204299927
0,293105840682983
0,100078418850899
0,109862878918648
0,12146682292223
0,268914252519608
0,0711486339569092
0,0759694054722786
0,0958627313375473
0,379455029964447
0,380311846733093
0,497500687837601
0,515307486057281
0,487194299697876
0,451743870973587
0,341770797967911
0,258190959692001
0,325746417045593
0,564586400985718
0,738120138645172
0,762702524662018
0,675534784793854
0,43909826874733
0,39272728562355
0,141909018158913
0,331943601369858
0,495593070983887
0,740300476551056
0,723872244358063
0,630793273448944
0,387283653020859
0,051687452942133
0,480133712291718
0,652583956718445
0,338320642709732
0,20184126496315
0,0407034382224083
0,127303436398506
0,460926800966263
0,567364931106567
0,644482731819153
0,562637746334076
0,301966935396194
0,0577319823205471
0,186171293258667
0,642581105232239
0,735672771930695
0,748053073883057
0,570406198501587
0,316950768232346
0,145175606012344
0,345193773508072
0,452953964471817
0,633068323135376
0,620686829090118
0,362912178039551
0,172594979405403
0,655362010002136
0,707394957542419
0,606855869293213
0,647281587123871
0,416855841875076
0,517856776714325
0,073669970035553
0,46742394566536
0,700582683086395
0,597443044185638
0,558823347091675
0,374799102544785
0,237517431378365
0,392282664775848
0,616600930690765
0,668170988559723
0,666374206542969
0,316020429134369
0,163215428590775
0,330497443675995
0,429951399564743
0,415264397859573
0,0825196206569672
0,315673440694809
0,643238067626953
0,798976063728333
0,631316542625427
0,367537051439285
0,251661002635956
0,0970573872327805
0,500698804855347
0,527409791946411
0,683461606502533
0,509297668933868
0,389265567064285
0,27289667725563
0,407199710607529
0,455246299505234
0,553296864032745
0,629040122032166
0,549580216407776
0,530885815620422
0,177740395069122
0,252514094114304
0,623489439487457
0,443155348300934
0,429070711135864
0,300926089286804
0,119050055742264
0,505045890808105
0,673896074295044
0,596572995185852
0,448328375816345
0,161407992243767
0,503986358642578
0,509389519691467
0,607910096645355
0,539717793464661
0,379644602537155
0,145069822669029
0,430615872144699
0,603443920612335
0,185487568378448
0,173444807529449
0,63461297750473
0,418386906385422
0,319009572267532
0,453364253044128
0,620430707931519
0,446850538253784
0,358082592487335
0,120454639196396
0,364427119493485
0,547010838985443
0,563342452049255
0,586196660995483
0,444200336933136
0,124276556074619
0,42426261305809
0,653107941150665
0,759986639022827
0,793732643127441
0,424874067306519
0,408230930566788
0,427024453878403
0,517200112342834
0,35680302977562
0,592420637607574
0,407422482967377
0,28729322552681
0,418089866638184
0,628161251544952
0,340073764324188
0,490953803062439
0,490976065397263
0,138771831989288
0,368924528360367
0,357422679662704
0,6564781665802
0,401891827583313
0,282014042139053
0,314698159694672
0,650101184844971
0,687544584274292
0,484790146350861
0,344210505485535
0,389681667089462
0,60432642698288
0,585315227508545
0,356991559267044
0,215358138084412
0,363368958234787
0,611015796661377
0,434687197208405
0,419446229934692
0,420628219842911
0,496209114789963
0,682033717632294
0,596409261226654
0,512223064899445
0,52679169178009
0,437383025884628
0,384138643741608
0,398440778255463
0,35084468126297
0,381758630275726
0,468037366867065
0,692148983478546
0,603150367736816
0,523060858249664
0,479121804237366
0,46116241812706
0,409530729055405
0,359339445829391
0,242451071739197
0,625735104084015
0,524626851081848
0,572330474853516
0,387969374656677
0,24049186706543
0,381830632686615
0,591512143611908
0,632031679153442
0,61049473285675
0,42652028799057
0,281859040260315
0,258930146694183
0,470284074544907
0,457901954650879
0,553469002246857
0,492804616689682
0,385200291872025
0,115705505013466
0,145891159772873
0,361717462539673
0,649040520191193
0,718571662902832
0,65289568901062
0,574972629547119
0,429311841726303
0,447460979223251
0,406188905239105
0,522715747356415
0,58649092912674
0,560380578041077
0,652106046676636
0,592456221580505
0,577194690704346
0,103537045419216
0,363020539283752
0,657238960266113
0,597778975963593
0,602126181125641
0,32332181930542
0,0699233412742615
0,145006984472275
0,432752519845963
0,719796180725098
0,408686429262161
0,379461914300919
0,427213311195374
0,696912825107574
0,721554756164551
0,673619747161865
0,550150394439697
0,283261835575104
0,523851037025452
0,744289398193359
0,601905107498169
0,619715988636017
0,408207982778549
0,221162050962448
0,22913284599781
0,633986175060272
0,775462985038757
0,682816922664642
0,412079900503159
0,388645231723785
0,50609678030014
0,521469295024872
0,438955277204514
0,309923976659775
0,250772446393967
0,0937675982713699
0,299051642417908
0,387337476015091
0,64742785692215
0,318616360425949
0,164966315031052
0,18818424642086
0,202902212738991
0,467888116836548
0,456036120653152
0,397541403770447
0,496855914592743
0,527962684631348
0,70119047164917
0,62196147441864
0,472170889377594
0,325616627931595
0,328525453805923
0,355488777160645
0,261927723884583
0,565689444541931
0,455038279294968
0,0280255991965532
0,300105929374695
0,542340874671936
0,603195369243622
0,667452275753021
0,602136731147766
0,594157814979553
0,317064166069031
0,398793399333954
0,515549302101135
0,479143112897873
0,367250502109528
0,324550479650497
0,371603608131409
0,38676580786705
0,558244943618774
0,586989939212799
0,177610084414482
0,193004310131073
0,610908389091492
0,51334273815155
0,449250996112823
0,337076663970947
0,323466032743454
0,515025675296783
0,645976483821869
0,835086703300476
0,735549449920654
0,396736562252045
0,30125966668129
0,643369793891907
0,435601949691772
0,654016733169556
0,40241014957428
0,313634097576141
0,270717799663544
0,666417300701141
0,546560525894165
0,705926656723022
0,315684169530869
0,163255035877228
0,111279055476189
0,320244759321213
0,513629794120789
0,51937347650528
0,499808013439178
0,527452409267426
0,517554759979248
0,853442549705505
0,673430919647217
0,470171689987183
0,195543959736824
0,404258966445923
0,614035367965698
0,464787423610687
0,320715218782425
0,386149793863297
0,522817850112915
0,66081839799881
0,712087094783783
0,579623341560364
0,259153246879578
0,494443655014038
0,666386067867279
0,173666074872017
0,459086656570435
0,502194702625275
0,690455913543701
0,742155492305756
0,599396288394928
0,106141112744808
0,130529209971428
0,352174282073975
0,662516415119171
0,628035366535187
0,656397700309753
0,603480100631714
0,339519858360291
0,539578855037689
0,783137261867523
0,625511467456818
0,288631916046143
0,387496829032898
0,342105478048325
0,493866205215454
0,69044554233551
0,668426215648651
0,626901209354401
0,424251288175583
0,490253120660782
0,426895976066589
0,626855731010437
0,390290170907974
0,100183561444283
0,409575521945953
0,365418404340744
0,351577699184418
0,514299869537354
0,599425852298737
0,321267426013947
0,197513356804848
0,347300887107849
0,562362015247345
0,582356452941895
0,0514815747737885
0,448296070098877
0,67939156293869
0,503948450088501
0,406590193510056
0,310085207223892
0,382278144359589
0,550271809101105
0,464262574911118
0,511153161525726
0,25820916891098
0,310617744922638
0,366722524166107
0,653477728366852
0,685009181499481
0,598291635513306
0,25406551361084
0,163254126906395
0,260906606912613
0,652487397193909
0,601859629154205
0,514118015766144
0,726986289024353
0,78393018245697
0,660622596740723
0,56109744310379
0,453492701053619
0,166590079665184
0,386511266231537
0,675384879112244
0,64909416437149
0,709687292575836
0,714422523975372
0,335283845663071
0,51632696390152
0,627706229686737
0,72455757856369
0,770796597003937
0,579560935497284
0,377158731222153
0,394865036010742
0,405924558639526
0,228809013962746
0,127942472696304
0,216005489230156
0,601627826690674
0,482861489057541
0,294936746358871
0,31089523434639
0,51481568813324
0,571452856063843
0,427666842937469
0,103529833257198
0,117018513381481
0,0397402681410313
0,330449163913727
0,557441830635071
0,52791565656662
0,564773559570313
0,396601468324661
0,448182642459869
0,590091586112976
0,652054369449615
0,619108319282532
0,436121821403503
0,472173750400543
0,236623838543892
0,442953318357468
0,575316607952118
0,50090366601944
0,451211512088776
0,379455417394638
0,366366624832153
0,580911993980408
0,718319475650787
0,612713992595673
0,623828947544098
0,549439907073975
0,200097739696503
0,35955598950386
0,57164055109024
0,609642744064331
0,576613187789917
0,532768130302429
0,332399189472198
0,444200992584229
0,495093941688538
0,58060622215271
0,596315741539001
0,720471560955048
0,499691843986511
0,529339611530304
0,421904593706131
0,179411858320236
0,425066649913788
0,633847653865814
0,684679627418518
0,469878822565079
0,347006320953369
0,431869775056839
0,295369684696198
0,418529540300369
0,488771677017212
0,437383741140366
0,411826848983765
0,215530872344971
0,285282284021378
0,519723415374756
0,692193448543549
0,424609810113907
0,365828603506088
0,494143187999725
0,51168692111969
0,837817311286926
0,466140747070313
0,360868066549301
0,210346922278404
0,2328060567379
0,524731159210205
0,488531649112701
0,450686484575272
0,539898335933685
0,422262459993362
0,419221192598343
0,613444149494171
0,572280764579773
0,153086453676224
0,468831151723862
0,474109679460526
0,566834688186646
0,503623247146606
0,414488464593887
0,391858667135239
0,793514907360077
0,790462136268616
0,710028469562531
0,223090216517448
0,263531893491745
0,580325722694397
0,596075773239136
0,659017503261566
0,465957164764404
0,381452918052673
0,210075974464417
0,561702728271484
0,615014731884003
0,415309578180313
0,269146591424942
0,423692226409912
0,527902603149414
0,307356953620911
0,315404891967773
0,256813406944275
0,370522230863571
0,422756344079971
0,596128702163696
0,657262742519379
0,551863372325897
0,352792888879776
0,581887185573578
0,520068943500519
0,53738009929657
0,454448610544205
0,491365075111389
0,546571373939514
0,539425075054169
0,358158349990845
0,444963276386261
0,522237718105316
0,692643404006958
0,634942948818207
0,459435552358627
0,550791919231415
0,514767348766327
0,433718860149384
0,34102800488472
0,381509244441986
0,354921102523804
0,6727254986763
0,70629096031189
0,592170536518097
0,451185464859009
0,347993314266205
0,320160061120987
0,608441352844238
0,383153289556503
0,426493465900421
0,369963049888611
0,811347484588623
0,608681559562683
0,577609479427338
0,0980101972818375
0,494519084692001
0,639256656169891
0,66231369972229
0,66654109954834
0,481277972459793
0,38488444685936
0,266677975654602
0,3116175532341
0,391531199216843
0,624969124794006
0,687374293804169
0,74612957239151
0,577773749828339
0,302368193864822
0,0977015346288681
0,375944167375565
0,613475680351257
0,619897246360779
0,556076943874359
0,402704387903214
0,264559388160706
0,488605946302414
0,692543864250183
0,788282871246338
0,486833781003952
0,22128202021122
0,161301910877228
0,340116381645203
0,518765449523926
0,684981882572174
0,686422288417816
0,511703848838806
0,255654096603394
0,300723731517792
0,508469223976135
0,671612739562988
0,480824947357178
0,164830654859543
0,166307851672173
0,315190196037292
0,367763131856918
0,639988601207733
0,294228494167328
0,139018759131432
0,229206323623657
0,323765277862549
0,394153356552124
0,671251118183136
0,662630558013916
0,603137254714966
0,298486202955246
0,096288226544857
0,210932120680809
0,527400195598602
0,65379786491394
0,621044218540192
0,756732046604156
0,665162861347198
0,318817049264908
0,122535899281502
0,318371772766113
0,603935778141022
0,59702056646347
0,432714730501175
0,424627929925919
0,542945742607117
0,627605259418488
0,279118865728378
0,473137229681015
0,632465004920959
0,83301192522049
0,825852394104004
0,449459910392761
0,191482812166214
0,305437296628952
0,155063182115555
0,136185050010681
0,249940648674965
0,560884952545166
0,643744766712189
0,690314531326294
0,649046242237091
0,625774204730988
0,439541786909103
0,177227258682251
0,433897972106934
0,55827796459198
0,612147271633148
0,521059930324554
0,471058577299118
0,46832799911499
0,323984116315842
0,29765111207962
0,834251284599304
0,564292848110199
0,146346062421799
0,610199511051178
0,499203443527222
0,461341887712479
0,170389711856842
0,475212305784225
0,563971340656281
0,646885275840759
0,460857957601547
0,115938954055309
0,208777949213982
0,279471963644028
0,450940251350403
0,586870133876801
0,528145730495453
0,535467624664307
0,265313506126404
0,501672327518463
0,617970824241638
0,549387693405151
0,713160932064056
0,650216460227966
0,412845373153687
0,172059819102287
0,212875813245773
0,502061009407043
0,419980138540268
0,588745057582855
0,427345812320709
0,600847482681274
0,524055957794189
0,39158895611763
0,323053658008575
0,486087024211884
0,39337420463562
0,34378182888031
0,427391231060028
0,470179975032806
0,670911729335785
0,699373245239258
0,380642503499985
0,38550215959549
0,438200056552887
0,363227218389511
0,157341107726097
0,482864588499069
0,472466945648193
0,572095930576324
0,473212003707886
0,562455773353577
0,629193365573883
0,730914831161499
0,593980669975281
0,651957154273987
0,545066893100739
0,856850445270538
0,561530649662018
0,381755352020264
0,382756859064102
0,462640225887299
0,590391099452972
0,527443051338196
0,522856712341309
0,355784684419632
0,564830005168915
0,707600176334381
0,429793536663055
0,468591511249542
0,549491822719574
0,37238597869873
0,335783660411835
0,441143006086349
0,626737594604492
0,706022024154663
0,558343946933746
0,295415163040161
0,383430123329163
0,583878755569458
0,609832286834717
0,522104918956757
0,625124454498291
0,548590004444122
0,470380306243896
0,327444225549698
0,302775651216507
0,263272970914841
0,458741009235382
0,303582787513733
0,171238854527473
0,0788160488009453
0,118089690804482
0,385847061872482
0,267105042934418
0,330977946519852
0,621227979660034
0,817675590515137
0,530553340911865
0,560860753059387
0,368808686733246
0,433205425739288
0,605500817298889
0,540048003196716
0,609518885612488
0,0678698718547821
0,300300478935242
0,510162532329559
0,63398540019989
0,582916796207428
0,629891514778137
0,551751673221588
0,662290215492249
0,286372452974319
0,266157478094101
0,460790723562241
0,583047449588776
0,702896058559418
0,79117876291275
0,71349573135376
0,732040762901306
0,690028965473175
0,605101346969604
0,456049680709839
0,349769651889801
0,492450594902039
0,531184494495392
0,612683653831482
0,570630967617035
0,382449626922607
0,342985719442368
0,556433320045471
0,587635338306427
0,658975720405579
0,630430281162262
0,54101037979126
0,430261939764023
0,222783088684082
0,439660727977753
0,479225873947144
0,430855989456177
0,572855174541473
0,302770018577576
0,352647691965103
0,434696972370148
0,483610183000565
0,58430951833725
0,370081841945648
0,228623554110527
0,0612427927553654
0,219390332698822
0,509962499141693
0,624400794506073
0,589394092559814
0,24671071767807
0,322962313890457
0,480749517679214
0,640838444232941
0,714016139507294
0,622003674507141
0,483781158924103
0,474282026290894
0,39598149061203
0,301342189311981
0,497294664382935
0,378780066967011
0,398267775774002
0,377452433109283
0,192100495100021
0,397122293710709
0,547391831874847
0,698751866817474
0,580312311649323
0,593437373638153
0,254713356494904
0,15079727768898
0,214832201600075
0,289450854063034
0,676680684089661
0,62993860244751
0,569181978702545
0,332862228155136
0,407245874404907
0,599873661994934
0,772561311721802
0,692478656768799
0,491943597793579
0,282863944768906
0,40215989947319
0,290713161230087
0,272581428289413
0,498103976249695
0,358761191368103
0,633790016174316
0,732957422733307
0,670427560806274
0,32959246635437
0,762186884880066
0,634402692317963
