0,208449393510818
0,208363130688667
0,208648458123207
0,208790808916092
0,209441497921944
0,209205344319344
0,209252968430519
0,209844455122948
0,209635108709335
0,20968522131443
0,209661781787872
0,209500819444656
0,20930415391922
0,20937617123127
0,208381578326225
0,208289951086044
0,208454474806786
0,208325669169426
0,208552777767181
0,208435952663422
0,207973405718803
0,208797350525856
0,206479549407959
0,205601572990417
0,204644396901131
0,202484861016273
0,202600762248039
0,20172655582428
0,151937320828438
0,108964540064335
0,106746330857277
0,0977578684687614
0,0933045372366905
0,431225806474686
0,381069600582123
0,208478718996048
0,349056899547577
0,628320515155792
0,801024734973907
0,742842495441437
0,617763578891754
0,337905883789063
0,104457139968872
0,433447599411011
0,710295855998993
0,687298893928528
0,166990131139755
0,575929999351501
0,731793940067291
0,496886044740677
0,146853387355804
0,221907138824463
0,325724899768829
0,364733457565308
0,492380648851395
0,291998833417892
0,312097907066345
0,79541152715683
0,735164225101471
0,548153221607208
0,277629166841507
0,272607058286667
0,500390946865082
0,323395073413849
0,220632836222649
0,787685692310333
0,628799974918365
0,446146577596664
0,536757946014404
0,643715977668762
0,405804067850113
0,51182097196579
0,799084067344666
0,532290101051331
0,401691466569901
0,577184557914734
0,708946049213409
0,689070224761963
0,207354336977005
0,163749396800995
0,275043606758118
0,352299302816391
0,460231482982636
0,330348163843155
0,41364997625351
0,655875265598297
0,664237022399902
0,643831789493561
0,8702392578125
0,60840767621994
0,454543739557266
0,410404235124588
0,287716299295425
0,574675619602203
0,647877395153046
0,470042377710342
0,486509382724762
0,269368380308151
0,367337018251419
0,559201836585999
0,840050101280212
0,79010945558548
0,59476512670517
0,21490079164505
0,152832046151161
0,519259691238403
0,441611021757126
0,360647231340408
0,449464559555054
0,514792382717133
0,674888610839844
0,729538142681122
0,437350332736969
0,420234054327011
0,708010375499725
0,525251567363739
0,536464393138886
0,595224618911743
0,588442921638489
0,331609040498734
0,638385415077209
1,00998723506927
0,699125647544861
0,304730594158173
0,560349643230438
0,470092207193375
0,297521889209747
0,454675227403641
0,522038161754608
0,330426663160324
0,636104464530945
0,693484842777252
0,560829222202301
0,571059942245483
0,844402313232422
0,937394082546234
0,899416983127594
0,705548167228699
0,531652808189392
0,737552046775818
0,958165287971497
0,839039385318756
0,671056985855103
0,540353536605835
0,661038875579834
0,685234546661377
0,405541777610779
0,513098895549774
0,593668758869171
0,379358261823654
0,447583585977554
0,554090559482574
0,909090280532837
0,586683452129364
0,201072782278061
0,517016589641571
0,589526355266571
0,33952534198761
0,327566713094711
0,410625040531158
0,762946665287018
0,440321266651154
0,316606462001801
0,169333219528198
0,234536126255989
0,0763538479804993
0,448101490736008
0,68401437997818
0,828735053539276
0,589563310146332
0,533119976520538
0,205203354358673
0,381053745746613
0,309899866580963
0,42223647236824
0,312635034322739
0,397986978292465
0,440072149038315
0,656042754650116
0,538048028945923
0,813603103160858
0,820896983146667
0,525511085987091
0,94307416677475
1,07766211032867
0,941204369068146
0,318008065223694
0,787115871906281
0,816576242446899
0,923793077468872
0,667061030864716
0,740041136741638
0,635216951370239
0,750211179256439
0,594917595386505
0,293411403894424
0,445689469575882
0,339852899312973
0,431746184825897
0,790901660919189
0,600578129291534
0,551198899745941
0,238663375377655
0,538860440254211
0,48434853553772
0,104355849325657
0,406316667795181
0,542461037635803
0,44825690984726
0,423571407794952
0,443012744188309
0,755581617355347
0,617067217826843
0,346081882715225
0,445282340049744
0,532204627990723
0,378764092922211
0,455615788698196
0,586560904979706
0,3567074239254
0,515515625476837
0,482459366321564
0,425238460302353
0,717388689517975
0,548644959926605
0,191724494099617
0,425663501024246
0,676036596298218
0,532859742641449
0,478421062231064
0,436512738466263
0,82304447889328
0,633139431476593
0,470928192138672
0,136489719152451
0,491258531808853
0,59668242931366
0,57380223274231
0,441061109304428
0,715110838413239
0,459634751081467
0,438095450401306
0,347237050533295
0,151328578591347
0,249359145760536
0,543514966964722
0,445947498083115
0,560941338539124
0,770586967468262
0,810025870800018
0,53293651342392
0,447418838739395
0,192618265748024
0,683075547218323
0,500746488571167
0,496337354183197
0,711915791034698
0,715815424919128
0,675346076488495
0,0441446267068386
0,421892017126083
0,356774628162384
0,345113426446915
0,61380410194397
0,778953909873962
0,725400745868683
0,558074355125427
0,621260046958923
0,459784716367722
0,498653054237366
0,788777828216553
0,726800680160522
0,479922831058502
0,142313107848167
0,233989223837852
0,233022481203079
0,393501132726669
0,711050987243652
1,07748913764954
0,891025125980377
0,511306464672089
0,828252732753754
0,737567245960236
0,492841929197311
0,376076757907867
0,396087974309921
0,650289297103882
0,511198699474335
0,483970761299133
0,131170183420181
0,350426286458969
0,621784269809723
0,624481797218323
0,708472490310669
0,620265364646912
0,666355788707733
0,489833503961563
0,858080208301544
0,946509957313538
0,812350630760193
0,834725201129913
0,623931109905243
0,36598801612854
0,161784917116165
0,263703346252441
0,348295301198959
0,429410129785538
0,537242531776428
0,880067229270935
0,835001707077026
0,579014539718628
0,256666004657745
0,0694611892104149
0,497366964817047
0,72270131111145
0,638156712055206
0,505656003952026
0,415639996528625
0,489308685064316
0,508384168148041
0,798717021942139
0,67644590139389
0,495570659637451
0,540266990661621
0,426039129495621
0,618541479110718
0,869218826293945
0,800493836402893
0,498309731483459
0,540647983551025
0,690781354904175
0,630041122436523
0,324534684419632
0,413358807563782
0,519805788993835
0,764624357223511
0,680330395698547
0,451939254999161
0,745465517044067
0,214514046907425
0,361517697572708
0,394082993268967
0,4210264980793
0,404723107814789
0,441443592309952
0,66797137260437
0,576704680919647
0,367525786161423
0,413232207298279
0,829142689704895
0,770439922809601
0,408557295799255
0,430097818374634
0,431246429681778
0,79273784160614
0,833999991416931
0,661091208457947
0,455354750156403
0,428592622280121
0,245107516646385
0,303985834121704
0,387059032917023
0,724443554878235
0,364214420318604
0,438706576824188
0,575059115886688
0,322731643915176
0,489835917949677
0,45787838101387
0,368315428495407
0,68556010723114
0,91190093755722
0,594943702220917
0,288020849227905
0,847726762294769
0,615069985389709
0,541487753391266
0,315585225820541
0,798794329166412
0,613732874393463
0,239757150411606
0,549820125102997
0,490603685379028
0,445435225963593
0,654438197612762
0,836945056915283
0,691963672637939
0,219719797372818
0,119776248931885
0,565649151802063
0,545413494110107
0,725994408130646
0,812885284423828
0,499820679426193
0,435243278741837
0,73213928937912
0,875266313552856
0,892748117446899
0,245481610298157
0,674671709537506
0,493614852428436
0,681076645851135
0,683048963546753
0,6280198097229
0,29689022898674
0,357547760009766
0,35431095957756
0,30443263053894
0,444438368082047
0,839618444442749
0,647903561592102
0,324282705783844
0,0551292300224304
0,278470247983933
0,605506181716919
0,488950341939926
0,511368572711945
0,366565376520157
0,552466154098511
0,225083142518997
0,618177771568298
0,750110983848572
0,443661391735077
0,122123599052429
0,354935526847839
0,82814085483551
0,781676471233368
0,622526347637177
0,750072717666626
0,820346415042877
0,794905960559845
0,446878552436829
0,481410592794418
0,669045984745026
0,841292083263397
0,726489305496216
0,663143932819366
0,546393632888794
0,32796522974968
0,732609748840332
0,82606703042984
0,817230939865112
0,239430814981461
0,514385461807251
0,594778656959534
0,606500506401062
0,363055616617203
0,752600133419037
0,806605756282806
0,672714412212372
0,661123812198639
0,576406598091125
0,313500314950943
0,376759707927704
0,674848198890686
0,646392285823822
0,570651650428772
0,702320516109467
0,668603658676147
0,700707316398621
0,622152388095856
0,600070059299469
0,501609802246094
0,42670264840126
0,384899199008942
0,495552390813828
0,68891316652298
0,582654714584351
0,396630108356476
0,488693058490753
0,386664032936096
0,610246360301971
0,591053903102875
0,664227962493896
0,76839691400528
1,08042526245117
0,889516174793243
0,704138040542603
0,700350761413574
0,0830889046192169
0,209558412432671
0,0785614177584648
0,146847113966942
0,141248479485512
0,0932662561535835
0,674147546291351
0,663736701011658
0,736926376819611
0,753987789154053
0,440676748752594
0,376218050718308
0,421612530946732
0,446873337030411
0,452751070261002
0,60910975933075
0,946386754512787
0,849957585334778
0,675427794456482
0,353509902954102
0,42679750919342
0,754401683807373
0,76927375793457
0,653237998485565
0,427722901105881
0,638150632381439
0,524250030517578
0,427528381347656
0,0983419120311737
0,176602721214294
0,441977769136429
0,13509276509285
0,268549263477325
0,402050584554672
0,772979140281677
0,436384826898575
0,649992406368256
0,553109288215637
0,678657054901123
0,618656039237976
0,675238430500031
0,899658262729645
1,02924072742462
0,951369643211365
0,833268940448761
0,765128791332245
0,722838997840881
0,73039585351944
0,340883404016495
0,289803802967072
0,664076864719391
1,06447184085846
0,921237230300903
0,789886236190796
0,057656180113554
0,071703627705574
0,772892355918884
0,5911985039711
0,112712815403938
0,439764142036438
0,583436727523804
0,912586390972137
0,857370018959045
0,627608954906464
0,372011601924896
1,03384351730347
0,937231481075287
1,02904438972473
0,551490843296051
0,647549092769623
0,78606915473938
0,677440941333771
0,575729608535767
0,505506694316864
0,584840059280396
0,227686628699303
0,27917805314064
0,149891763925552
0,200294271111488
0,463071644306183
0,566271364688873
1,04317617416382
0,764058291912079
0,602636635303497
0,524273693561554
0,537132024765015
0,823320388793945
0,694028615951538
0,634048461914063
0,456072360277176
0,69347620010376
0,79269814491272
0,978175163269043
0,582219779491425
0,36644583940506
0,261218547821045
0,263658970594406
0,330267608165741
0,0403896346688271
0,264607042074203
0,570473074913025
0,637428343296051
0,514643013477325
0,387486696243286
0,355928689241409
0,74692440032959
0,530528008937836
0,427030682563782
0,565072536468506
0,725808024406433
0,76325649023056
0,768525183200836
1,099041223526
1,03781759738922
1,10297822952271
1,12836265563965
0,204791322350502
0,652584493160248
0,455230057239532
0,211030259728432
0,708823382854462
0,611007571220398
0,580675005912781
0,507787227630615
0,43971860408783
0,407975673675537
0,213885486125946
0,540331244468689
0,487112790346146
0,136662393808365
0,123987182974815
0,119153767824173
0,0631040930747986
0,397553622722626
0,152476996183395
0,154823452234268
0,316541016101837
0,343410134315491
0,478685021400452
0,33319616317749
0,26560315489769
0,571169316768646
