0,436995685100555
0,0550889521837235
0,0195596423000097
0,230958506464958
0,314899653196335
0,577962875366211
0,691262483596802
0,69154566526413
0,637957096099854
0,443818360567093
0,329883098602295
0,130781516432762
0,104505702853203
0,242286592721939
0,490262031555176
0,644751906394959
0,664184093475342
0,661998391151428
0,628441572189331
0,459990739822388
0,306245565414429
0,114435985684395
0,0791322588920593
0,308121532201767
0,534191250801086
0,662299335002899
0,684803068637848
0,683243334293365
0,653515219688416
0,543187081813812
0,504387676715851
0,310063004493713
0,0722590312361717
0,208498597145081
0,413618594408035
0,615486145019531
0,665964841842651
0,562142550945282
0,547115445137024
0,40164777636528
0,104500740766525
0,0844911858439446
0,183443188667297
0,558053970336914
0,68239563703537
0,6926628947258
0,629509329795837
0,35282427072525
0,0677777007222176
0,208366200327873
0,450013965368271
0,588990688323975
0,677730679512024
0,642833888530731
0,61784690618515
0,506596863269806
0,164291545748711
0,135421052575111
0,153918638825417
0,483138084411621
0,62656706571579
0,653290808200836
0,689036071300507
0,617476165294647
0,520002603530884
0,354075402021408
0,0901668816804886
0,248371124267578
0,309186339378357
0,536101698875427
0,575498998165131
0,573963761329651
0,44472798705101
0,417026162147522
0,233910620212555
0,209332749247551
0,155451759696007
0,596869111061096
0,632732510566711
0,695817470550537
0,682378530502319
0,613993942737579
0,611992597579956
0,418866544961929
0,218693524599075
0,108254909515381
0,260695517063141
0,630086719989777
0,659629762172699
0,56904011964798
0,418473482131958
0,122819721698761
0,186505660414696
0,526043117046356
0,708969473838806
0,698562502861023
0,624835014343262
0,560245335102081
0,304675936698914
0,0668775960803032
0,0709365606307983
0,399462461471558
0,518879234790802
0,629172682762146
0,557624101638794
0,431307047605515
0,362962990999222
0,117774032056332
0,375626862049103
0,497517943382263
0,709229290485382
0,694638013839722
0,642446339130402
0,565590798854828
0,414322227239609
0,0912388488650322
0,500796437263489
0,559209764003754
0,665376782417297
0,59682422876358
0,401553899049759
0,33817458152771
0,136652171611786
0,123345956206322
0,252523869276047
0,539324522018433
0,666348814964294
0,730635285377502
0,694147229194641
0,615847110748291
0,495820105075836
0,321501225233078
0,166205987334251
0,248320892453194
0,408571600914001
0,552947044372559
0,606967806816101
0,597626805305481
0,523041546344757
0,380635112524033
0,306576162576675
0,625458955764771
0,677831470966339
0,692680895328522
0,677606642246246
0,623799324035645
0,215893611311913
0,0664026215672493
0,223622351884842
0,459561169147491
0,634309113025665
0,633949995040894
0,549227118492126
0,614679574966431
0,523866415023804
0,28264057636261
0,334111511707306
0,548139452934265
0,695997953414917
0,661976158618927
0,60736072063446
0,54484349489212
0,383179813623428
0,299768924713135
0,0991280451416969
0,200869455933571
0,252608448266983
0,552657961845398
0,641609966754913
0,654993414878845
0,592592835426331
0,437982797622681
0,298633098602295
0,101334497332573
0,327016472816467
0,39007979631424
0,508525133132935
0,63208270072937
0,655164957046509
0,623380899429321
0,616899371147156
0,574999153614044
0,491241335868835
0,133552834391594
0,15960006415844
0,643817007541656
0,660067141056061
0,687863051891327
0,608928859233856
0,423883080482483
0,186041787266731
0,0535289756953716
0,400300472974777
0,59458988904953
0,613782823085785
0,566415786743164
0,448075205087662
0,307342350482941
0,123128317296505
0,211052462458611
0,422983646392822
0,665593028068542
0,71709817647934
0,636129379272461
0,587491571903229
0,469169914722443
0,399586260318756
0,179067686200142
0,0965786799788475
0,221776530146599
0,288157254457474
0,624747395515442
0,555047571659088
0,433071613311768
0,240528985857964
0,0676396787166595
0,227759078145027
0,344394564628601
0,634269654750824
0,702730536460876
0,645035207271576
0,609060168266296
0,505560755729675
0,175091341137886
0,335622847080231
0,615529656410217
0,655094027519226
0,56837409734726
0,551709473133087
0,407682090997696
0,141940072178841
0,183451890945435
0,268307954072952
0,690761983394623
0,665064752101898
0,607948899269104
0,466039806604385
0,296756327152252
0,0678713694214821
0,256528198719025
0,393426954746246
0,556049942970276
0,607271552085876
0,529837965965271
0,393565475940704
0,230551287531853
0,0905920192599297
0,329726189374924
0,626405417919159
0,691962242126465
0,659006476402283
0,606538057327271
0,50356113910675
0,44329097867012
0,0490844547748566
0,237723425030708
0,373661071062088
0,633515059947968
0,66601037979126
0,682254016399384
0,590239703655243
0,503969609737396
0,239263027906418
0,05980459228158
0,230954855680466
0,567574262619019
0,672249317169189
0,694878101348877
0,670159339904785
0,508153080940247
0,328436672687531
0,0709172338247299
0,245309501886368
0,307463139295578
0,637645840644836
0,642212748527527
0,542810380458832
0,47385248541832
0,244472682476044
0,176548883318901
0,247678354382515
0,694762825965881
0,678726673126221
0,517149686813354
0,468196183443069
0,232057556509972
0,158813431859016
0,242429420351982
0,433972865343094
0,633642256259918
0,616380095481873
0,565335988998413
0,586316049098969
0,174229219555855
0,136256098747253
0,128361120820045
0,336445897817612
0,558866798877716
0,65187656879425
0,684098243713379
0,662715494632721
0,601489663124084
0,437954425811768
0,498621046543121
0,135660991072655
0,547542035579681
0,669889211654663
0,648814082145691
0,539514005184174
0,588492691516876
0,437747061252594
0,25024601817131
0,0742532089352608
0,182607665657997
0,494863033294678
0,698348939418793
0,699104309082031
0,657396733760834
0,651100695133209
0,555724620819092
0,437575399875641
0,353491753339767
0,0714461430907249
0,125042036175728
0,323142617940903
0,599926829338074
0,612543523311615
0,531533360481262
0,473100006580353
0,244377374649048
0,213738113641739
0,0892656594514847
0,375453948974609
0,57600736618042
0,69025069475174
0,685096204280853
0,609161734580994
0,499042838811874
0,320649296045303
0,0753624960780144
0,245971605181694
0,332726150751114
0,530758380889893
0,620481908321381
0,624427437782288
0,623823821544647
0,52807492017746
0,44825467467308
0,139618188142776
0,111067526042461
0,19604603946209
0,420474141836166
0,519802212715149
0,671747624874115
0,67423951625824
0,644763588905334
0,604482710361481
0,524543225765228
0,199456885457039
0,0798607021570206
0,254455000162125
0,432949483394623
0,636557757854462
0,649313986301422
0,572116315364838
0,578069567680359
0,450840264558792
0,213131383061409
0,10053738951683
0,200344637036324
0,445147067308426
0,619505047798157
0,559500455856323
0,532942891120911
0,209071487188339
0,156212985515594
0,521385788917542
0,650661706924438
0,670300364494324
0,632827281951904
0,515797019004822
0,117225423455238
0,0571914128959179
0,216744720935822
0,478252947330475
0,707231342792511
0,690963506698608
0,606664419174194
0,389696002006531
0,107060588896275
0,426722198724747
0,495445311069489
0,625572979450226
0,611165940761566
0,554010212421417
0,443249493837357
0,239529669284821
0,506179809570313
0,68751859664917
0,722731590270996
0,687976539134979
0,579399526119232
0,0845039486885071
0,154598146677017
0,459764331579208
0,588489413261414
0,609770953655243
0,594669818878174
0,49105703830719
0,44754883646965
0,0846209600567818
0,163409531116486
0,491248428821564
